467 10
0 1.43247e-13
0 2.41652e-05
0 1.40401e-07
0 5.17522e-09
0 0.0271914
0 2.77449e-07
0 2.85225e-05
0 4.19385e-07
0 3.82112e-06
0 5.68983e-08
0 4.03676e-05
0 1.31665e-09
0 0.000277507
0 2.85997e-05
0 6.12091e-07
0 0.000152794
0 7.92947e-07
0 2.22816e-07
0 3.36113e-22
0 0.00116884
0 0.00680823
0 1.60274e-06
0 0.000400396
0 0.000657219
0 0.000671296
0 7.72101e-07
0 2.67184e-05
0 0.00127756
0 0.00139635
0 0.000315795
0 1.30897e-05
1 7.81351e-05
1 0.000124453
1 8.66927e-06
2 4.84393e-06
2 0.000977556
2 0.000671296
2 7.27144e-10
2 1.49052e-05
2 1.06357e-08
2 4.07234e-06
2 9.44238e-06
2 0.0958793
2 7.02616e-06
2 0.00135689
2 0.000490038
2 0.00279358
2 0.00108224
2 3.05626e-06
2 0.00238759
2 1.53771e-05
2 2.67184e-05
2 0.0958793
2 5.46324e-06
2 5.9142e-06
2 0.150301
2 0.0416377
2 0.00204752
2 0.0467376
2 0.324331
2 2.60924e-05
2 3.65912e-10
2 2.37246e-07
2 0.000371703
2 0.000638334
2 1.82174e-05
2 0.0111232
2 6.09004e-08
2 0.00193413
2 0.0299776
2 0.00430234
2 0.000123891
2 1.65354e-08
2 1.22985e-07
2 5.57389e-06
2 0.000239754
2 0.0354307
2 0.00190297
2 3.1543e-11
2 4.04858e-05
2 2.10198e-08
2 0.000835353
2 0.00537739
2 0.0076797
2 4.34622e-05
2 0.00530666
2 0.125586
2 7.55122e-06
2 2.10689e-06
2 4.99218e-15
2 0.000133095
2 0.000206433
2 0.00122762
2 1.99076e-05
2 0.0401808
2 7.86441e-10
2 0.0147243
2 9.15266e-09
2 0.0681119
3 0.00188156
3 0.0010697
3 0.0125216
3 3.65492e-07
3 0.0186302
3 7.17921e-12
3 1.36106e-06
3 0.831158
3 7.13838e-08
3 0.0123056
3 0.0574081
3 0.0395859
3 1.51932e-08
3 0.801682
3 0.727187
3 2.24023e-10
3 0.020998
3 0.000835968
3 0.00819508
3 0.000607673
3 3.24824e-05
3 1.1745e-13
3 7.22903e-09
3 4.20469e-07
3 1.76067e-11
3 1.77998e-09
3 0.944596
3 4.71084e-09
3 0.999473
3 0.000239526
3 2.30936e-14
3 1.23928e-05
3 1.6725e-08
3 4.35255e-05
3 7.8233e-10
3 8.88749e-11
3 0.996273
3 0.167698
3 6.2974e-14
3 4.36787e-11
3 0.0689506
3 5.87291e-11
3 8.47809e-09
3 0.00210169
3 2.37107e-06
3 7.45163e-07
3 0.00158911
3 6.75276e-11
3 2.74671e-08
3 3.67096e-06
3 2.53966e-06
3 0.15022
3 0.000541248
3 0.0545036
3 0.000508225
3 1.50126e-06
3 0.000477852
3 1.93882e-09
3 7.27205e-06
3 0.0036491
3 6.06681e-10
3 3.13754e-05
3 0.006126
3 3.06241e-08
3 3.20865e-11
3 5.80858e-06
4 1.9978e-15
4 2.26973e-18
4 1.21714e-07
4 0.00475255
4 4.37753e-21
4 0.99999
4 0.0118947
4 2.67121e-07
4 0.000717234
4 3.24977e-06
4 8.47094e-10
4 6.64055e-07
4 0.0171944
4 0.00277357
4 0.000588027
4 3.25728e-07
4 0.141429
4 0.0718484
4 3.01771e-05
4 0.14347
4 0.0110066
4 0.0145048
4 0.011235
4 0.129356
4 1.15563e-07
4 0.0012059
4 0.000849583
4 7.65594e-06
4 1.20556e-07
4 1.02478e-09
4 0.00920126
4 8.65173e-15
4 4.16678e-10
4 2.86232e-08
4 2.76479e-09
4 8.93206e-17
4 0.0038412
4 2.66467e-05
4 0.653865
4 1.1692e-05
4 0.632418
4 0.000130927
4 0.0318062
4 0.00078331
4 0.0117933
4 1.07142e-06
4 0.0584234
4 1.06922e-05
4 0.000634802
4 0.0447873
4 0.0237374
4 0.010203
4 0.0235173
4 0.00061265
4 2.0533e-05
4 0.157202
4 0.0709321
4 1.48651e-08
4 4.64738e-09
4 2.02117e-07
4 1.15126e-06
4 0.852548
4 0.0932681
4 0.812779
4 5.8245e-06
4 1.73048e-11
5 6.08185e-08
5 0.278667
5 0.00512531
5 0.839718
5 0.0182581
5 0.0737514
5 0.000182529
5 1.27248e-05
5 0.107973
5 8.39787e-05
5 0.0274576
5 0.75725
5 0.753017
5 0.00130189
5 0.228918
5 0.979087
5 2.24895e-05
5 0.000331986
5 0.0901904
5 1.98497e-06
5 1.29244e-05
5 0.723529
5 2.01055e-06
5 5.88499e-07
5 1.58273e-07
5 1.36306e-07
5 1.32245e-07
5 0.00353333
5 1.28544e-06
5 0.000159337
5 1.71094e-06
5 0.209518
5 6.70982e-09
5 1.41852e-09
5 0.000445396
5 1.45735e-07
5 1.52127e-07
5 3.05531e-07
5 2.01447e-06
5 4.89261e-09
5 0.00216332
5 8.64199e-05
5 0.00242617
5 0.0019183
5 4.08715e-07
6 0.00107623
6 9.08709e-08
6 0.00062509
6 0.000375706
6 0.081606
6 0.00420991
6 3.03785e-10
6 0.15034
6 0.00027523
6 9.21463e-13
6 0.0337797
6 8.16554e-06
7 7.01119e-05
7 0.00551247
7 1.33726e-12
7 8.15638e-06
7 3.07075e-08
7 2.02323e-05
7 0.0463761
7 1.27916e-08
7 1.99735e-06
7 1.2476e-07
7 9.49803e-16
7 1.19102e-05
7 4.05106e-09
7 3.93739e-12
7 1.98836e-05
7 0.0155361
7 0.0011435
7 9.24121e-09
7 0.00169703
7 7.00393e-07
7 1.00417e-09
7 4.32348e-10
7 0.0131425
7 7.72323e-06
7 0.000267628
7 1.11984e-06
7 0.0771805
7 0.0023588
7 5.35809e-05
7 7.01409e-08
7 4.10696e-08
7 2.16532e-11
7 5.22822e-13
7 3.31995e-09
7 0.016163
7 5.16803e-14
7 0.0677166
7 4.92895e-14
7 0.08755
7 0.000196201
7 7.06967e-08
7 4.30553e-08
7 6.4222e-10
7 1.57613e-11
7 2.52028e-06
7 0.000102731
7 7.00012e-11
7 0.101264
7 0.107522
8 3.7891e-05
8 0.00949986
8 5.8863e-12
8 6.30109e-07
8 3.46893e-06
8 8.08433e-06
8 1.13216e-10
8 2.08897e-05
8 2.38379e-09
8 6.69138e-05
8 1.60339e-12
8 1.14909e-09
8 0.000177383
8 0.105055
8 1.71434e-08
8 3.91166e-10
8 0.000580394
8 4.63008e-07
8 0.000196763
8 2.09946e-05
8 0.0150214
8 0.0229992
8 1.50196e-07
8 0.483654
8 3.21434e-06
8 0.0064924
8 0.0103217
8 3.29571e-06
8 5.45167e-09
8 3.53888e-08
8 1.93374e-09
8 0.00035318
8 0.488825
8 0.000405504
8 4.13518e-09
8 1.55999e-11
8 0.0167809
8 3.41215e-06
8 0.00477407
8 0.188436
8 2.315e-10
8 2.54025e-10
8 1.37306e-10
8 5.12832e-08
8 0.000411919
8 9.43528e-05
8 0.3692
8 0.000205065
8 0.00108952
8 0.00945141
8 3.52033e-05
8 3.15173e-11
8 1.8038e-09
8 2.65306e-05
8 7.71765e-07
8 0.00526184
8 4.10097e-11
8 0.000142788
8 5.4043e-09
8 2.79315e-11
8 0.00016016
8 2.59005e-09
8 0.0014228
8 1.84819e-05
8 0.000128632
8 4.80515e-05
8 0.0194534
8 0.000937207
8 0.00076252
8 6.12142e-12
8 7.95493e-10
8 5.77298e-10
8 0.000159597
8 9.69276e-06
8 2.8729e-05
8 1.39238e-06
8 2.23352e-06
8 0.000133726
8 0.0137466
8 5.35783e-13
9 7.97834e-05
9 0.00148655
9 0.00412281
9 2.14108e-05
9 1.12452e-07
9 6.34284e-08
9 4.60413e-07
9 8.66471e-08
9 2.05491e-07
9 1.00564e-11
9 0.139851
9 0.000937883
9 0.674645
9 1.03401e-09
9 0.000151698
9 4.5601e-10
9 6.99491e-08
9 1.1298e-08
9 5.20253e-11
9 1.9172e-10
9 8.2743e-10
9 0.0224841
9 1.55084e-08
9 6.47624e-07
9 1.00447e-07
9 5.36916e-10
9 1.22877e-07
9 4.63091e-08
9 2.51046e-12
9 1.58497e-09
9 1.61396e-07
9 0.000290479
9 3.08078e-09
9 0.00366836
9 3.21467e-08
9 6.22876e-05
9 0.727175
9 6.28401e-08
9 6.57862e-06
9 4.49983e-08
9 5.99768e-09
9 0.00783837
9 8.14362e-09
9 0.00983094
9 0.644838
9 4.53369e-09
9 4.959e-08
9 0.000148665
9 3.40149e-06
9 1.35142e-05
